1
5.06043138989e-09
2
9.35078495546e-10
3
4.51710608216e-10
4
2.20081660046e-10
5
1.29289082543e-10
6
1.20615536491e-10
7
1.16931882474e-10
8
9.39167032592e-11
9
8.5558872809e-11


[35]
0.151783569062
[35 36]
0.00299983307539
[35 36 38]
0.000733744205001
[35 36 38 37]
0.000307501866858
[35 36 38 37 39]
0.00021282465807
[35 36 38 37 39 41]
0.000163921245713
[35 36 38 37 39 41 34]
9.32568098968e-05
[35 36 38 37 39 41 34 40]
7.58480028125e-05
[35 36 38 37 39 41 34 40 42]
5.02798311648e-05


[0, 1]
0.00437078313224
[0, 1, 2]
0.00253030083334
[0, 1, 2, 3]
0.00122415006139
[0, 1, 2, 3, 4]
0.000748565352003
[0, 1, 2, 3, 4, 5]
0.000666440531075
[0, 1, 2, 3, 4, 5, 6]
0.000712705247165
[0, 1, 2, 3, 4, 5, 6, 7]
0.000489425635453
[0, 1, 2, 3, 4, 5, 6, 7, 8]
0.000420077297778
[0, 1, 2, 3, 4, 5, 6, 7, 8, 9]
0.000373657289075

1
most relevant, 1.54175738909
random sensors, 113063101668.0
first sensor, 11.9765995529
2
most relevant, 0.0864378541996
random sensors, 9894.31681264
first sensor, 0.351543808601
3
most relevant, 0.0187172906647
random sensors, 7117547.92184
first sensor, 0.0541497894737
4
most relevant, 0.00579211474761
random sensors, 283318450.864
first sensor, 0.037350546637
5
most relevant, 0.00209550837742
random sensors, 37496.2989646
first sensor, 0.020648321977
6
most relevant, 0.00103760665652
random sensors, 4385342.35592
first sensor, 0.0112410572048
7
most relevant, 0.00086209244944
random sensors, 2459582.00098
first sensor, 0.00588226961365
8
most relevant, 0.000562553669598
random sensors, 21465.1047698
first sensor, 0.00444502993128
9
most relevant, 0.000521020849355
random sensors, 767353.205572
first sensor, 0.00339534068216